-1.907326725607606506e+10
-1.176176872750102997e+09
-5.942339532496995247e+01
-1.406741675705142143e+02
-2.856663233748205410e+00
-5.138616415328125731e+04
-1.232641666489673042e+02
-1.823387331583790001e+02
-7.845726877587087984e+03
-3.919745140116246063e+01
-7.508575344771394157e+04
-1.564579027308674029e+02
-2.455501152151963851e+00
-4.322829721416720758e+02
-1.071029422263495680e+19
-1.435916451710952097e+05
-3.291268046332985250e+04
-4.452208975767906010e+07
-3.583814560128328139e+02
-1.192537298551792046e+05
-1.377070395358777262e+02
-2.534305467188452177e+00
-1.008578030711264432e+03
-4.948007533860373997e+02
-4.551701139614728220e+01
-6.936716435210163086e+12
-1.246917367090312910e+05
-4.839436848795690480e+02
-1.811393500140476599e+07
-5.712797911368728819e+04
-2.634041992445098117e+02
-1.624622322008290212e+02
-1.113393290461678831e+01
-5.600801100043196357e+01
-4.482620325320235861e+04
-4.299864371615777827e+02
-3.402846206702037080e+02
-2.815279961383863565e+02
-4.236394444039268024e+02
-1.439460816897511750e+15
-1.984104639782263746e+02
-9.267786523189620596e+01
-3.489781878289029464e+02
-2.386480521353751048e+07
-3.792536227696194118e+01
-1.221328414466717049e+01
-1.907672228780416399e+07
-2.471718187780246723e+01
-1.518364559604099213e+02
-3.726765694099839834e+02
-3.816809342835702515e+11
-4.089099921048247666e+01
-3.438469659354378223e+02
-1.824129532242668290e+02
-1.094087801418691088e+05
-7.813594567365645105e+01
-1.040199974620759065e+02
-5.236099173946454499e+01
-6.882908238027313530e+01
-3.605829753402213900e+00
-2.025534725863554684e+02
-1.168116753809392383e+13
-1.631242781376226390e+02
-3.833622241206430772e+02
-8.862351650221373234e+01
-5.742845616035860439e+04
-2.054821499742608285e+05
-8.960716203611757180e+01
-3.638203064779076499e+02
-6.469009395574242944e+02
-6.558526706858823729e+01
-1.614082964012976408e+09
-2.092084891176715544e+01
-5.139264966829755199e-01
-6.728690876552028954e+07
-3.848166155476510176e+04
-1.615578389544825477e+05
-6.425963295448464123e+02
-2.757520232737321066e+02
-6.110785457795844877e+01
-2.737798982464310598e+02
-1.464714728535316535e+05
-8.589023082625579834e+07
-6.017264299958367246e+01
-3.278491331770462125e+02
-9.491466938615510298e+04
-6.545221931880223565e+02
-3.696260032058486176e+10
-5.713728979500699552e+02
-3.000704571305850550e+02
-4.189309478111574799e+07
-1.154056134131918252e+08
-1.344819639415149481e+02
-6.030113505264502950e+06
-2.666021318271656924e+02
1.344893895238081116e+00
-1.075733058662706571e+04
-1.627878277106426594e+02
-1.451344403244744967e+02
-6.200922600673806000e+10
-1.249378408536913270e+02
-1.064643670688977290e+05
-7.896594766733509302e+07
-5.554013275093022912e+02
-4.035765750216477966e+10
-3.924804378149154218e+03
-3.096331118470894814e+09
-1.605495052089821684e+02
-5.050774048482365330e+00
-7.943276577238408436e+02
-4.470401190155269951e+07
-1.432138717963796068e+02
-2.346462564514398873e+08
-1.141142931019701416e+12
-4.883785061465863464e+01
-1.935582542462494166e+04
-2.957372742524617024e+02
-5.948769300279133313e+04
-3.128305645295387905e+01
-1.434355229821217728e+10
-1.290574058590235325e+02
-3.487178566449490802e+01
-2.335689633480604925e+02
-3.667216285797257908e+06
-4.070475571293602712e+01
-3.048056912012495013e+04
-2.598288893661591530e+09
-5.172719895917469302e+01
-3.419178889925217959e+02
-1.324383111248621070e+01
-1.143475423573422631e+02
-2.852816207427244444e+04
-1.375015719775811078e+02
-7.427135488467300206e+01
-1.390806456458159062e+02
-6.093830578112440708e+04
-2.888949453045178757e+02
-2.997087852131177734e+12
-2.884878252157868701e+02
-3.837615484118483522e+01
-5.162682512009708944e+02
-2.477533841151056890e+02
-1.123940208242516974e+02
-1.196984106496305758e+05
-6.756875604216819763e+09
-1.207845471320802346e+02
-3.461637272417616844e+07
-6.964687911252511024e+09
-3.985670089761897117e+01
-1.798983220409465389e+02
-3.102373806819156812e+02
-2.716072180464185181e+11
-3.546787557986719719e+01
-2.081365041983951158e+01
-3.720072062279264742e+02
-9.607641359865881441e+02
-1.748963288268927556e+02
-1.345956261017008382e+00
-3.212630054789754013e+02
-4.007074389970421791e+07
-8.848313477215661260e+04
-2.452939764575853348e+10
-2.218700109255839834e+02
-8.286057605059937714e+01
-4.851813205600267338e+02
-4.155472440830125151e+02
-3.509060045972793159e+04
-1.011807197015764785e+02
-1.189699535987640644e+01
-3.304232307464981204e+02
-1.210347092461740077e+08
-7.584515647068023725e+01
-1.921438152435871598e+05
-4.940891753645941549e+02
-4.534640852352109375e+11
-1.170171714427775441e+05
-6.960124846987683611e+01
-3.658556979440666623e+02
-2.672805299320729091e+02
-3.022411712612007477e+02
-1.374679885046940342e+01
-2.371011257830491559e+02
-2.101668273005193726e+02
-5.338878464564023716e+02
-3.008409546523953974e+07
-8.535710666085602725e+02
-4.425066485314512253e+07
-1.184372087866387631e+02
-9.537745243034942177e+03
-4.086345559979399241e+03
-1.436294619518702689e+02
-1.187954385814450943e+05
-4.874427167597736843e+04
-1.910780632746649208e+06
-1.172240849203173639e+04
-1.509129425702470328e+00
-4.573690195087200294e+01
-5.968319969529951550e+02
-4.521471628670857967e+01
-2.153890467036062328e+05
-1.791179147513033676e+10
-1.630411833093089911e+02
-6.323609648489640733e+01
-1.142642317877970868e+02
-4.589592856079042917e+02
-1.214601212000550561e+02
-8.371720649981952738e+04
-3.216011307507254458e+01
-9.470383465516376020e+01
-7.671786521479708654e+01
-1.201412529599144676e+02
-6.819753551808917522e+07
-7.743576797378381343e+03
-5.372762975124643708e+04
-1.778632585774284109e+02
-4.687860050486204386e+02
-3.278058766013385821e+02
-1.659202366171491194e+00
-8.971853626114151848e+04
-2.067616183549818061e+02
-4.996727042252349094e+00
-1.640719804401009299e+02
-1.076786060426021367e+08
-3.839215461462204075e+03
-4.172405320352113023e+01
-6.332120304021100310e+01
-9.277104146329720970e+04
-2.319978862906791335e+02
-1.720368086639820433e+02
-4.127445110669482915e+02
-2.763696200282792006e+02
-2.562433742703855728e+02
-5.006249915306355804e+07
-5.282993386244868361e+02
-6.244685997928980896e+02
-1.192439509720855000e+02
-7.177700990121296644e+08
-9.370025941387599232e+03
-3.066611613462801955e+01
-5.218538483548262263e+01
-9.022395811418969929e+07
-4.743055989078312960e+18
5.397757918969242619e-01
-2.587988087369258778e+02
-1.113611015464356626e+02
-1.777928197536393640e+01
-4.431231378568859895e+02
-5.287990627161040038e+02
-9.188447040088060191e+01
-2.369067694401639892e+04
-6.007295694756542161e+02
-3.637888055264691710e+08
-1.368865117006420746e+02
-1.749468076952497941e+05
-2.278144611819804197e+02
-3.061860323817518648e+01
-1.717515287130779839e+10
-2.547941536164916556e+02
-2.236900128512694153e+00
-8.161734657158053398e+09
-2.600782034608250228e+02
-1.203672929290848412e+07
-5.465587281869438812e+02
-2.014001780654384959e+02
-2.191170878564494018e+01
-2.507395862223604155e+01
-8.039072331420176170e+02
-9.141277668481167495e+01
-1.189009753130226557e+02
-3.251385651536204335e+01
-8.745750023743792667e+01
-3.488888189406030449e+01
-1.078863197583435749e+03
-5.874675888789747842e+06
-2.743537511921429655e+02
-4.887102680557364351e+02
-7.465919393296730518e+07
-1.482781123171238278e+02
-1.921648330677244949e+10
-1.018669278662405413e+05
-5.252799664122636288e+18
-4.833915233103220165e+07
-2.064578533111878755e+02
-2.111843985412858160e+02
-2.530452105177530697e+01
-8.632895195993513937e+01
-4.723794634253375989e+04
-2.227135316525134840e+05
-9.675836243147852656e+04
-3.350418324201315641e+07
-2.875825395074745328e-01
-1.088598189102361289e+02
-2.014002705937596716e+02
-4.326982332009565724e+00
-1.221338648864706187e+02
-3.443802629164722617e+01
-8.807119227323018151e+01
-2.194007783442427899e+04
-2.004204328416572189e+10
-3.186702871089349687e+07
-3.580145294154227525e+07
-2.770213480529963684e+10
-6.477595592531048506e+07
-3.589136188659248319e+02
-1.526207606910562475e+01
-6.538745472109113734e+02
-4.641953101974340825e+02
-4.551162812006138552e+02
-1.221943829761677916e+05
-4.209156069068144800e+16
-1.506538642744328342e+02
-2.196954088555379201e+02
-3.755315559451382512e+01
-5.090001267299476240e+02
-2.324080517229549200e+16
-1.041126116373614252e+02
-4.797828793149691364e+02
-6.639673776216404804e+04
-5.648979666246490297e+02
-2.636840344538565546e+02
-2.161592545339688911e+02
-4.036479799575146217e+02
-6.184378862743355967e+03
-7.129107008035370827e+09
-1.182919345327822924e+02
-3.013294298456363549e+02
-1.091766083349038752e+02
-3.924915861382869480e+02
-8.833489476423809492e+02
-1.598017344424146286e+05
-6.102155058962210887e+02
-1.004513540673479474e+04
-2.212758594909018575e+04
-1.179414301479255228e+05
-2.377655566908713354e+02
-2.049616623004007712e+07
-1.752915302942114124e+02
-2.902741960913189345e+01
-5.845042074245674908e+07
-4.798945703660113509e+02
-5.383213415597997664e+04
-7.683662350063632402e+02
-4.590766902990020812e+06
-1.231801493407866365e+05
-4.190991620739931705e+02
-2.567574644746570312e+12
-2.127596481103554638e+01
-2.534915347709107590e+10
-8.372598929133708623e+01
-8.360674922660639652e+01
-6.931314959469616497e+02
-5.629195153267380647e+01
-1.482493869666871324e+05
-3.139806851355471622e+02
-6.339489925202738232e+04
-2.290300913694523643e+01
-3.085340380105972713e+02
-4.482129214215398179e+02
-1.465842818106965240e+02
-1.841009928898152452e+02
-8.225088468700630528e+02
-2.214444450842528340e+02
-4.812916244968195315e+03
-1.690184434020340234e+02
-2.642619978872698638e+01
-9.879813224291916640e+01
-5.876973090148681513e+04
-1.478594056644517183e+07
-5.581925626447497280e+01
-2.322136520930456527e+02
-3.196665529339987870e+02
-3.289335950159083382e+02
-3.480632340631319375e+14
-5.133453511451751709e+09
-5.242040820436915993e+00
-2.277696604001080800e+02
-1.258446569725479636e+00
-3.366379992854413285e+04
-7.176119444286747603e+04
3.847856048828307562e-01
-3.247774642105930176e+12
-8.381195927370641584e+03
-2.930947145243074559e+01
-1.053325537321166630e+05
-8.544443108370491018e+02
-2.234753295772185595e+02
-1.929262291801856481e+05
-2.848546212721620208e+01
-3.434221568724423435e+01
-1.908165807435052557e+02
-7.468943448076077461e+09
-3.737433206403371250e+14
-2.127098168406751100e+01
-5.570169713017171249e+06
-6.505471019876121090e+02
-7.138151114189146256e+02
-3.058312693030478613e+02
-6.414649577943846816e+04
-6.455769659536506515e+05
-2.347947331103423494e+02
-1.224413820884151268e+10
-1.100115722327474032e+04
-6.326495966411139449e+01
-4.479576287102861443e+02
-9.603460591983822781e+01
-1.030796506280712720e+03
-5.200959515922969558e+02
-3.633971527896699740e+02
-1.245661392359122374e+03
-3.762577740541245323e+06
-3.854505800689048320e+07
-9.777414057095564203e+03
-7.672255333645144049e+01
-7.507271382980883345e+02
-9.674443931834751368e+07
-4.210783829563744545e+09
-3.339195020398525457e+02
-2.288543783776298538e+07
-8.496822451317429170e+01
-1.554652488521935593e+05
-1.209252158779693693e+08
-5.675450437126092584e+04
-8.115015996731610670e+00
-6.198579882378768389e+02
-2.716725564983343588e+01
-5.622661397259561227e+02
-3.644735705172654860e+01
-7.946813738097381341e-01
-3.380778814922720699e+00
-1.680877610931297994e+01
-1.383261364263903233e+05
-3.572341072850313568e+10
-9.234650160160240375e+02
-5.330559755432057045e+01
-5.350998669441253242e+02
-1.779513215620531797e+09
-4.416732369333205133e+04
-1.513959560923232057e+05
-1.847372096454272842e+10
-8.570541734728042781e+07
-1.060848187961448730e+02
-2.668323952943900235e+00
-3.840958788279051270e+12
-8.708781309433379769e+07
-2.721046437751770668e+02
-6.071207914824297500e+14
-8.138097097838941352e+01
-1.905239036481842732e+02
-2.196646377548258897e+02
-1.783431509038467198e+02
-1.827050334840772905e+02
-2.346601227318490999e+02
-7.150025642998456021e+01
-4.178283381772970984e+01
-1.080514439483958284e+02
-4.123600982298757458e+02
-6.525037984703739085e+02
-5.574764818688862533e+02
-6.575241417082195028e+01
-6.146758220807700854e+04
-6.026273973986336330e+01
-3.750709495148852852e+02
-1.233705672366440413e+05
-7.902904162774010501e+02
-1.476781314688857528e+05
-1.229288150429880916e+05
-2.591757983124888000e+16
-1.317270667422301074e+02
-6.435646536448328447e+01
-1.147884982723574581e+02
-3.136790723794460678e+10
-5.628617222112267336e+04
-2.528150790564623458e+04
-1.435870326121921003e+00
-9.196335795348545616e+02
-1.194518609896521895e+02
-2.374784409187355561e+00
-6.960330222783429690e+02
-4.120220414960591597e+02
-1.330322809658665210e+05
-3.104424953782881857e+01
-4.978747372238804019e+02
-4.431599723493625641e+09
-4.756888236460771484e+11
-3.994779929661279297e+12
-1.658983928111851128e+04
-1.421530818673598446e+02
-5.468010084945836979e+02
-9.843828002279171585e+01
-2.019497893357051339e+02
-1.743702353599457808e+02
-9.419724448642929815e+01
-1.802585245413330313e+02
-1.068500746949474660e+03
-1.853614030794472504e+10
-8.806796642526735067e+08
-7.292961379159308800e+16
-1.283301175396268263e+02
-2.850914660397974103e+02
-2.790978125258898363e+07
-2.789071646242377907e+07
-5.272476188737373377e+02
-9.038734874334205233e+04
-1.408578620726499082e+02
-1.103388005270218457e+02
-1.391926013006571338e+04
-7.372085765835018456e+07
-1.077075134962749985e+02
-2.566136033380308945e+05
-3.727244199216128777e+02
-7.171139116375205731e+02
-2.030079415670487151e+03
-1.932619536650569003e+01
-8.170870685091789198e+01
-1.388827623165752527e+02
-7.865828316770518199e+06
-1.356446319480542400e+02
-1.796087051090230204e+02
-6.796955517520360956e+01
-4.155940862538200520e+01
-2.921175026958740234e+12
-4.244474115460532159e+07
-1.327003431319580962e+01
-1.169924345289814198e+02
-5.313372262850560993e+07
-1.604950322397800684e+08
-1.701876595996763992e+10
-2.413170057975959537e+01
-7.978370269189528699e+03
-7.367175546676779732e+02
-9.789383458381192960e+17
-2.199830055755330622e+07
-4.819211582681022992e+04
-6.718376229957898431e+02
-1.371287620026240539e+01
-1.788067142776102969e+02
-1.907843270744447946e+05
-4.024639228865281666e+02
-5.767779711029870668e+02
-1.427961521575009272e+02
-2.872179562915230804e+02
-1.824007553271990619e+05
-4.980595652724008262e+07
-1.210665293720883717e+00
-3.241898176356606882e+02
-6.827399397017998126e+02
-4.820786440083730895e+01
-2.858544224268270284e+01
-3.779480014439332791e+01
-4.497898176561395079e+07
-4.099862537929922013e+01
-1.083351169215585738e+08
-2.912745651761418131e+01
-1.013739644804415584e+05
-2.282152486251389689e+01
-1.811632852371051162e+07
-4.048851411725953221e+04
-9.905818220643847599e+04
-1.484793598324573871e+01
-9.628408413780077524e+01
-1.805678520524666458e+07
-2.004606572379851173e+02
-2.451353487582257795e+00
-4.435404584827485657e+10
-7.629382774878379792e+01
-7.311876266891143814e+02
-8.076031685192529857e+07
-2.820942327683610529e+02
-1.463736877304862105e+02
-3.821363650116451830e+07
-4.026894868780905057e+01
-9.571092049789582961e+04
-4.513341535915431280e+01
-2.677477506255843909e+05
-6.630363790835722536e+07
-3.519709853359415774e+02
-7.215112708515436680e+03
-1.312338223208532781e+03
-8.750934987138865836e+03
-2.597214654211215930e+02
-8.483992299703660933e+01
-6.572637529546251756e+01
-3.379195424767980427e+01
-3.699788697194998690e+02
-4.891527685844407074e+02
-1.052567114821905534e+02
-2.310080954547987062e+02
-1.227573197751168966e+09
-1.609379508692367526e+05
-6.129502893022959142e+02
-3.320157945624303863e+01
-6.378886015368475455e+02
-3.095345816988130423e+02
-1.424422154489400905e+00
-5.645715492602302987e+01
-5.011514998549339452e+02
-3.677483363158712018e+04
-7.296839133984541250e+14
-1.054993192664452550e+02
-5.080201806485195000e+15
-2.274543033002565835e+02
-7.908098475896254182e+07
-1.154473639309233874e+02
-9.030958155833391743e+01
-1.458724695080112213e+02
-1.392573550375073391e+05
-3.147251008867110613e+02
-2.101261502733534599e+02
-1.702240823674595158e+05
-1.924913678678252325e+02
-5.025591139141071153e+02
-1.339889969600600352e+02
-6.300252532997205890e+02
-1.391172361305061429e+02
-9.576214661616700141e+02
-7.625132380798284260e+01
-2.468410147027476504e+07
-1.172017525164663425e+02
-1.842151648165741190e+07
-1.006098006598281562e+08
-9.316052749681155376e+00
-5.703520440372396649e+01
-2.604865613968760840e+02
-7.220077960427072128e+01
-5.580962579387880851e+02
-2.845204510766281487e+02
-1.682269474776699951e+02
-6.635596559732188284e+07
-5.491953808271932212e+04
-1.513207427472816562e+02
-1.652822639641492441e+07
-6.669603633227712891e+12
-3.342740816928711070e+02
-1.282224471623082174e+00
-2.638003062457523811e+02
-3.641988494534013420e+07
5.961628347890421509e+00
-4.024844780958057940e+07
-6.135067941060756880e+01
-1.510576377117108554e+06
-6.340720581376844223e+01
-2.029414868831419838e+01
-4.489363614163681149e+01
-3.049377543452861801e+02
-2.210232473590303073e+02
-7.485106982198614389e+01
-1.557885823976423219e+07
-9.003628780312247954e+02
-2.882856640924275294e+07
-4.553590262334533750e+14
-7.786475555066947891e+03
-5.070563050869306210e+01
-2.368852343047242357e+02
-2.736408559948875663e+01
-1.413513748162769843e+04
-2.438348327466817125e+02
-2.229952667187139923e+02
-1.431249778842606954e+07
-4.309572801516754150e+11
-1.107271288251866110e+02
-5.379050908087859995e+01
-1.695589510834766261e+05
-1.907094526317495911e+04
-1.018432505918108291e+02
-1.363413290432165752e+02
-3.469739801343006889e+02
-7.429550821451955471e+02
-8.688236880888114229e+02
-8.802569573095383123e+06
-6.667300961450533237e+01
-3.153414198711395784e+02
-2.717760004089290504e+01
-4.251195210051266145e+02
-4.277226847941560095e+02
-2.377391538156645368e+02
-1.677970925405819250e+15
-2.758482969177245536e+02
-4.265403426050201574e+02
-1.761789062486835755e+05
-3.857028006060800607e+01
-2.138070924559177086e+07
-2.409688010379760215e+02
-9.840940052062443044e+01
-4.908629922787278750e+14
-2.492943250865356750e+11
-7.644052703577902321e+03
-2.919906872541168928e+08
-4.653762507006810552e+02
-4.009290364445906221e+02
-3.784032852702045489e+02
-7.609395205268370432e+00
-7.589786909556588625e+02
-2.565038432567617500e+14
-2.053560957372986024e+02
-6.448512177292674780e+07
-1.195214517553030419e+03
-1.314855104607453029e+02
-3.721634466233029457e+02
-2.334061403941970275e+04
-1.569466608434826504e+01
-1.169097110992493981e+05
-4.851224759467677217e+01
-3.717454514555168998e+01
-1.779013982497053439e+04
-1.836500094953180695e+10
-5.979186453743313253e+07
-5.254170451425794678e+11
-1.575412753278567664e+02
-4.484854632182056378e+01
-1.295661545717249246e+05
-9.935058630409257603e+02
-9.674898094365760803e+09
-8.556905081498373988e+01
-4.980033183910441585e+06
-8.881949715053493856e+04
-1.748541956241223660e+00
-7.403039953950721497e+01
-6.713841479541537352e+06
-3.550007676728213028e+03
-4.912621928392399582e+02
-1.627979102230190449e+02
-3.351004729492880031e+07
-3.755996411772436545e+02
-3.798904731204763152e+01
-5.327711921878117209e+02
-1.710646434235029295e+07
-6.757659473671476462e+02
-8.200402448202082724e+02
-3.007137594631469710e+02
-1.666149413412547631e+01
-5.236179815992049873e+07
-3.249910177197712358e+01
-2.132327987777377984e+02
-4.244156212695101929e+11
-1.508347183805867971e+05
-1.988592640098955962e+04
-1.591181212429781766e+01
-1.098001025919498497e+05
-1.806421207765901116e+01
-3.347998183671290349e+02
-2.630791401172090005e+01
-7.789960325872499425e+01
-5.013395359640593827e+07
-1.082440011862863258e+02
-2.349992303186258766e+02
-3.186721641146740467e+02
-3.060642205349128062e+02
-5.242746457505151250e+14
-5.958673795335294017e+02
-1.925929398506632424e+02
-1.665619067881424000e+17
-1.202004873282850497e+02
-6.159187151749257509e+02
-4.154421923291305347e+02
-9.272905871590788607e+00
-1.202798520168707626e+02
-6.249694045408560896e+02
-1.006320348189937448e+02
-5.361036913520028868e+00
-5.155273382246945381e+09
-1.651569987051089411e+05
-2.844028890773130058e+01
-3.569504340640996531e+01
-2.213773895499323530e+01
-8.958764645498121262e+09
-1.880706300561255375e+02
-4.174331344604132710e+02
-3.515990113886013546e+02
-7.457771358598043321e+01
-6.866150153015768800e+16
-2.791962182930723202e+02
-4.321650302371030534e+02
-2.737000216866138089e+02
-1.070929241122755408e+08
-3.505923239302954926e+02
-2.337470867771954545e+03
-5.400145072305327415e+09
-3.088447953076534986e+02
-1.833679213555947354e+05
-1.125839756239036205e+03
-1.862506762805055871e+01
-1.068661247132905316e+02
-7.732058627824612500e+14
-1.876942718373565526e+02
-5.603981490004114221e+02
-3.837276154742115182e+02
-4.219408699066004157e+07
-3.574750547499923967e+06
-1.641626696528299476e+02
-3.468552428986575600e+16
-1.808052466046260918e+02
-2.179844948176948726e+08
-5.071317652167202255e+02
-1.877093326182145020e+12
-5.530322659584014375e+14
-2.717323249828094163e+02
-2.331653573532679786e+02
-1.080127817358247200e+17
-3.364194603001677137e+02
-2.671248229266623753e+02
-1.728149760367338956e+02
-1.439283758164196396e+10
-4.247267996669709760e+02
-2.509562265237276256e+07
-8.097341775145244469e+01
-4.222531917663148988e+02
-7.323323398605710111e+01
-6.688786105150533956e+00
-4.990394842050966417e+02
-9.674920885402415297e+04
-5.592221263487874694e+02
-9.193289552974498656e+04
-2.246014998190933341e+02
-8.832953378835535841e+04
-6.618196143119973840e+02
-5.458286525007570162e+02
-4.733504622963727266e+07
-1.812273231953250433e+04
-1.244404089895309653e+02
-2.809396863851894466e+01
-9.109765635697125674e+01
-2.781562674870356773e+02
-3.664809192808031570e+06
-4.531105052681107281e+01
-1.042444825516966489e+02
-5.419619786125768769e+03
-2.920876054799204212e+03
-2.163666360828950417e+02
-3.531307612774535301e+02
-4.800522686094976876e+01
-7.167973719820359975e+02
-1.306931658551058578e+10
-1.258751570697357059e+08
-2.995611379389587228e+02
-1.281006877999800636e+05
-4.528841154648668133e+06
-4.019494493465585379e+02
-9.304377667641879901e-01
-1.839471224201039945e+02
-2.146260565103806250e+00
-4.553503082403565350e+04
-1.211814583589197695e+07
-6.928625268090289865e+03
-8.759309356593806297e+06
-4.024688150691373778e+01
-9.370372522940627391e+01
-4.539626962621651955e+02
-7.756367943580706026e+01
-4.100065821793364500e+15
-8.206179283066834211e+08
-2.827685106829135865e+07
-2.042884072268216684e+07
-4.620922640172578326e+02
-5.763646743575997353e+09
-6.786365755867861083e+01
-4.484561332661487540e+04
-4.646188706897828524e+04
-7.744895110830612481e+07
-5.190331426793447918e+02
-7.206944400932765404e+01
-2.978963479362481621e+02
-9.049605605783773044e+00
-4.391689558656305075e+07
-5.366441334017689542e+02
-2.672827295868416968e+02
-6.547329863647541970e+02
-6.727844431789960072e+04
-6.741162632403244288e+02
-1.301823567397812805e+11
-6.793917041045241058e+04
-9.322995965177540256e+02
-3.785963329721033107e+06
-2.763161678571231050e+01
-6.253986371287350543e+06
-2.970982057413851842e+07
-1.353592438838998078e+02
-9.826183560413322994e+04
-6.280469635101901076e+04
-1.362686090554293514e+02
-9.891893903799758192e+00
-1.092987557163506717e+05
-4.204254678021814470e+03
-1.474452473719436227e+02
-7.172467007802804062e+01
-7.082264731982520223e+07
-7.017883404265508943e+03
-1.645064423902533406e+02
-5.709446146453278743e+02
-1.939877687740265699e+01
-1.326268532618618963e+02
-2.337963529478051700e+06
-6.588032690876714885e+07
-4.370529949479022491e+01
-2.165152444999721695e+02
1.902375245031580064e+00
-8.641839509634311867e+01
-1.105848301446296063e+02
-6.559676865526693314e+07
-1.028400755478204246e+03
-2.147379670645973988e+02
-2.538179122292590861e+01
-8.354187348077781508e+02
-8.525576902064468595e+04
-2.018810775750371562e+14
-4.959389750164540942e+02
-1.066740722241639361e+01
-3.091352891908010392e+01
-1.070206902493938799e+02
-1.903198350256222229e+11
-2.073155777842372117e+04
-3.818747061433388268e+01
-1.450078999414916325e+04
-6.512965141226611649e+02
-3.738989649251201627e+04
-4.345977019490738513e+01
-1.456906285095048661e+05
-2.836931070598096198e+02
-3.004548906246765182e+04
-2.240492986552330078e+12
-5.561210562218527542e+01
-1.744431541947211599e+02
-1.103222070369111824e+10
-1.117695489652015676e+05
-4.104401630120847374e+07
-3.096594706944735265e+00
-3.977314712083011338e+20
-1.389261809867988000e+15
-1.275181580953123420e+08
-5.332140393121171940e+01
-3.792889176874581949e+02
-3.254789675702641602e+12
-6.674982938317771186e+04
-3.019200963322057873e+02
-8.582781289928125545e+01
-2.360264418226033172e+02
-6.525892739999724768e+01
-7.130577885942778948e+02
-2.855478888216919131e+02
-8.198397352491236134e+00
-1.123023476997516846e+05
-3.519453289535010754e+02
-4.457574217197403050e+04
-3.649357600397431156e+02
-1.191872015767573032e+02
-4.659870649186125036e+00
-1.874875832017328605e+02
-7.271301782868187402e+00
-9.928415527088276576e+03
-2.245556834279993552e+02
-3.049421896741769729e+02
-3.542443532481045276e+07
-2.223210332637621889e+02
-2.467202760231594709e+02
-9.797030612607153444e+01
-1.716850140921197809e-01
-1.275538376383076416e+12
-3.012998431598980460e+02
-2.397846083559036288e+02
-1.188122702697786934e+02
-3.165204602835332975e+07
-7.812379267799011586e+02
-1.837181565403130625e+14
-4.486569874111361504e+09
-2.714842630510860317e+02
-3.309966028467531629e+01
-1.003323758744125257e+03
-2.686689413055329396e+02
-8.765833124647134156e+00
-1.595845561951630316e+02
-1.711484999672024685e+02
-1.574000623774340420e+04
-1.913053656665250628e+02
-1.576388122776572709e+05
-2.529214585941078042e+02
-1.014647485336403770e+05
-6.709966388091866065e+02
-2.335382675829258789e+12
-8.497688761800475121e+09
-3.889353517126411219e+01
-8.602173047796717286e+07
-6.273255872500138508e+21
-6.803041900854460664e+02
-3.423748893380007985e+01
-4.483249372119849454e+02
-2.905571672371135719e+04
-6.788728480736588153e+02
-1.814925464203584415e+05
-3.202095065434962089e+04
-2.091808782526853065e+03
-3.137714304311396700e+04
-1.142612914182619335e+02
-6.178659316347269481e+01
-6.615577130644566379e+06
-2.562759604304023926e+12
-2.202773821397488785e+00
-8.218586371917761824e+01
-4.454354283863367669e+01
-2.193863622224747871e+02
-5.402114519349082559e+07
-5.670966337890804425e+02
