-1.787490706983373210e+19
-2.768546292141805978e+19
-4.432925817075874202e+19
-1.049598548830166678e+01
-1.457781856343677133e+19
-2.040255538694295552e+19
-1.615766129990949888e+19
-7.839454205375890432e+18
-6.335020773539562278e+00
-4.927712001590111690e+00
-1.590560098407903437e+19
-5.192273503726015488e+18
-3.529272599524809523e+19
-3.671582163612381322e+00
-1.166022514974607565e+19
-1.692171034466875597e+19
-1.338227584273542554e+19
-2.039371640319298355e+19
-1.797287791968609690e+19
-3.305474405950304768e+18
-4.995241093855536128e+18
-2.471521827938804563e+02
-5.017014590563420160e+18
-2.705491739069066445e+19
-2.173310644830711880e+01
-1.097823212951277978e+19
-2.320535034122492314e+19
-1.705979655572363418e+00
-7.528326882881000000e+16
-9.548721390515387597e+00
-3.195032923448135875e+01
-2.651507784557548320e+01
-1.386459767803293275e+01
-3.918652646024959996e+00
-9.866991651014606290e+00
-4.559894330085612032e+18
-2.775884600799515045e+00
-2.261241887286401434e+19
-1.567924112019630734e+01
-1.020338729820513690e+19
-2.679622801673303911e+01
-2.662996205295699383e+03
-1.009805888733081600e+19
-1.111600118409023530e+01
-2.727238687453728768e+18
-3.728896517495288165e+00
-4.342661889435871504e+06
-1.576245123316923802e+19
-2.095224091571551232e+18
-2.531780143615381107e+01
-8.129629730927302234e+00
-6.176522615621983903e+00
-4.117395020040989440e+17
-1.653817230590108434e+00
-2.574497098636054528e+18
-1.614282911871604442e+00
-3.036511515950277760e+17
-2.162517480004483482e+19
-2.051017270409168077e+19
-8.539674530148837221e+03
-2.727808575385063834e+19
-9.562339150112008192e+18
-6.675785580060813018e+00
-1.018748325546773914e+19
-5.853578257491796499e+00
-2.433989017296726232e+00
-2.236009208065291878e+19
-2.205352397783221043e+19
-7.899414170347558912e+18
-1.500204112364354970e+19
-1.719456060938180403e+19
-3.273011592120175104e+18
-2.351332998269751062e+00
-4.604765626044476000e+15
-4.748596007494400000e+18
-3.398260988317375997e+00
-5.202912198486194129e+00
-5.715944292684836000e+03
-9.701856139395861334e+00
-1.436771366794285056e+19
-4.266360962746864435e+19
-7.333010537227797165e+00
-1.070022428217603277e+19
-7.352022643130561974e+00
-6.835702275206207545e+00
-9.454446554339747840e+18
-1.510101504968256102e+19
-2.502921809403145421e+19
-1.126278321217668096e+19
-1.581420496383530772e+00
-1.981428227321636015e+01
-9.656666458921648128e+18
-2.895816975279336702e+01
-5.770488417506236090e+00
-4.705644210794925897e+00
-4.224823568357907456e+18
-9.886804002995146752e+18
-6.054542744736025600e+18
-1.608090954120939725e+19
-1.531528547337200230e+01
-7.748694624902423552e+18
-7.401372093810689876e+03
-2.676156670594362197e+01
-1.901216405282655001e+09
-7.950537609431388160e+18
-9.346151693306390528e+18
-1.545724663600646144e+19
-2.430331861876585472e+18
-7.247686884541731000e+15
-1.341938972356637696e+19
-1.967938755035398963e+19
-2.344597411260002714e+19
-1.526663528476059238e+19
-1.745634498554123226e+01
-8.199808575177936640e+17
-1.487827558801913446e+19
-2.913712475576355487e+00
-2.688985028982677861e+01
-1.070379382803197998e+01
-1.272270454909122961e+01
2.779113367209395391e-01
-2.473451355654913638e+19
-4.641105720319585792e+00
-3.771725177612388352e+18
-5.848388449421628138e+03
-2.170835943757557760e+19
-2.423222632914319040e+17
-1.044347952623424058e+00
-2.035477529657220710e+19
-9.116482615012587942e+00
-1.954432832923377254e+19
-1.273679978572188160e+18
-1.712214489639530291e+19
-1.315519796510281933e+19
-4.962292212526809088e+18
-6.639494187410676852e+06
-4.987752948446165568e+00
-4.107451075158291554e-01
-1.070000626550698803e+19
-5.564633296465174528e+18
-3.914966913866022912e+19
-4.013276243466297046e+02
-7.542139655168661250e+00
-2.961454235196387738e+19
-2.425279807125933056e+18
-2.410851725128908390e+19
-2.926942213325003550e+01
-5.863574127830907904e+18
-4.624764506866659328e+18
-2.924277897775546880e+17
-5.800911235592141502e+00
-1.951828028400581427e+19
-4.238087224631011907e+01
-2.698705634027034112e+18
-4.536478715991527189e+00
-1.048516827821563879e+02
-7.940244715063015424e+18
-5.919623565593044992e+18
-1.279559207474843419e+01
-2.480280637086352179e+19
-1.650906522236747366e+19
-4.302296594183266304e+18
-1.003411701940413440e+19
-1.202588998638380779e+01
-2.760530023005838629e+01
-3.043847574018880000e+17
-2.036277004053462036e+01
-7.730998789428634880e+17
-4.120041102227357754e+00
-6.742269800944436611e+03
-5.870321687878852224e+00
-4.868890051141009000e+15
-7.270536570705991686e+00
-1.557929332620842803e+19
-2.564425674238554365e+01
-1.005350983232805069e+19
-1.084150885889304305e+02
-5.185162021341891584e+18
-4.486056157512122056e+00
-1.409383761162433147e+09
-3.323230590088585857e+06
-9.592121336191524864e+18
-1.704546057452423383e+03
-5.060542444195742720e+18
-3.646436646342582784e+18
-9.169341878921412059e-01
-7.984937249159610673e+00
-2.706114549583020926e+04
-2.914896224751762560e+17
-3.238602472202829005e+19
-5.124835229305174016e+18
-2.495241007014087475e+19
-6.198764759104025143e+04
-3.424632838029932458e+00
-8.120617315384945664e+18
-5.683989547028017152e+18
-1.085312575040784377e+00
-1.480336347419457255e+01
-2.124363564399120605e+03
-7.274825513711225856e+18
-2.717357515767559052e+09
-6.691146444419643392e+18
-6.036481184440711800e+00
-5.331690426711697128e+00
-7.603450286307241512e+00
-6.805219108280489593e+00
-2.356630686388715200e+17
-2.578548630898922701e+19
-1.640929122236227994e+19
-3.950534574183005440e+17
-3.527494495290531021e+19
-4.371455909454928346e+00
-9.316722393250783232e+18
-3.588959767127838720e+19
-4.447353050878665600e+17
-5.266723216215128064e+18
-2.107943581545599443e+01
-1.924673585050556006e+19
-1.896801143067362716e+01
-3.072808541206032640e+00
-1.449239053843815128e+01
-7.840200772646653604e+00
-3.214793768134363000e+15
-2.276841900450698854e+19
-1.580075063855040263e+01
-4.168750022875943273e+01
-2.438452123826723650e+01
-1.993599756233308570e+19
-1.787206381658309917e+00
-2.086484020058664868e+01
-1.718176992979643392e+19
-2.744935404262555778e+01
-1.385579661791791719e+14
-2.654518485323420052e+01
-4.327401032011447057e+01
-1.257453455640659712e+18
-1.384864454927967259e+01
-2.941230393028042123e+00
-5.755941893700131828e+01
-1.488263491766390170e+19
-8.238436371030249575e+03
-2.824133543591089257e+00
-5.895839101375046656e+18
-1.073045935995208211e+01
-2.416200989046624666e+19
-1.420525924877019750e+19
-1.761851391363618816e+19
-4.842637726999810048e+18
-5.111259477146231411e+00
-1.846835137229644097e+00
-1.493718266563787776e+19
-8.382875909709124329e+00
-1.510478110807382630e+19
-6.111475452826741872e+00
-5.727564691571091456e+18
-1.249778270163461968e+01
-1.744432876537863168e+18
-2.807265430247251281e+00
-5.968058369167978496e+18
-1.659423685697012022e+07
-2.964815656949217690e+19
-2.344216379563295050e+01
-1.656822679406139392e+19
-7.800957111328716800e+18
-6.398336965285723821e+00
-1.311105245613427098e+19
-2.490305301329512133e+01
-1.611084646627154176e+18
-1.045292027633622389e+00
-2.901877552396240571e+04
-2.651064007606108160e+18
-8.459626822696660800e+16
-1.509803373862359859e+19
-2.006911488995643200e+00
-1.268252847921615616e+18
-9.392775449841354752e+18
-7.188574011227184535e+00
-4.751772116102013952e+18
-1.181531790352819405e+19
-3.122829613865375334e+19
-1.835893489002606671e+01
-6.638155047376489648e+00
-6.289022330853363485e+00
-5.206683187531059076e+00
-3.021188618845039642e+00
-4.879277556345763840e+18
-1.232355850776628436e+01
-6.420802114794394555e+00
-4.228778464830885930e+00
-5.427784362376986138e+00
-1.676320212139838874e+19
-1.766091999249636762e+19
-3.035238370125749796e+01
-2.835761990382509090e+00
-2.117840394420131584e+18
-2.680464231870800873e+01
-4.707558837133548835e+00
-1.490219404032753050e+19
-1.613632746253994199e+01
-1.786424432037478027e+01
-3.356058754892507778e+01
-6.892140214744384430e+00
-2.085330581387942298e+19
-1.296313260000211720e+01
-5.867184158566538095e+08
-8.659930335827391579e-01
-1.053871406508213862e+19
-2.102885567737798452e+09
-1.259979699401931571e+19
-1.883606733894294272e+18
-1.283709749651721011e+19
-2.521417320488363600e+01
-3.276343698220143002e+19
-2.757881953737919112e+00
-1.062590676243886080e+19
-1.115647364256846094e+14
-3.606593943284025272e+00
-2.529641763212168382e+00
-2.659740808598275483e+07
-8.587384864881661952e+18
-4.670610666890208256e+18
-4.110643210152840800e+16
-3.018309789191033765e+00
-4.291070519055102080e+17
-1.803340803134140202e+01
-4.440506847275248845e+19
-6.601561036591620635e+00
-1.299756835099087812e+14
-2.907802505228519936e+18
-7.747495353043732713e+00
-2.523150596367820953e+01
-1.237882744009165435e+04
-3.582022826792709600e+16
-1.810664853577104338e+01
-9.820161647463143240e+00
-8.295259438712014080e+17
-5.204661630614822912e+18
-1.034424589805201613e+19
-4.550234878689145113e+00
-5.891193256367456499e+00
-1.080668204606526669e+19
-2.152049448333421363e+19
-6.039455610814224640e+17
-2.573671982739372032e+19
-1.966351615866546586e+19
-3.456591261175830938e+19
-1.613838741135467315e+19
-1.998877574786177024e+19
-1.733818071528272282e+19
-1.686132048238562560e+17
-1.314091500984987238e+19
-1.468599991660436643e+01
-6.076547775788041216e+18
-4.177401254527803904e+18
-7.745320154737791007e+00
-2.001144055156092167e+09
-9.082509557453323264e+18
-9.824880957413107296e+00
-8.176518092947573760e+18
-1.542397078378661135e+00
-1.430958937035241882e+19
-5.016904384764254720e+17
-5.767034295685282816e+18
-4.360400366267517036e+00
-1.898113779619367492e+01
-9.309667901466467388e-01
-1.868790296139135838e+09
-6.402160245134724096e+18
-3.856909998081035695e+01
-3.653209687648151552e+19
-1.414397498574522368e+19
-2.542885102132314401e+01
-3.892705147186680392e+01
-2.047832805196115558e+19
-7.939892985776752640e+18
-6.579142977753776000e+15
-6.884044410771687424e+18
-4.298160569749480448e+18
-2.739949268490465073e+01
-7.651280102394201600e+16
-1.175604146450439380e+01
-5.252077078027696128e+18
-2.185442822691523789e+19
-2.348868176575350844e+03
-1.198008941056144998e+19
-9.724195126652522496e+18
-3.048154320702002381e+19
-1.696451072720578355e+19
-2.150399891491520066e+01
-2.251741268867341517e+19
-9.435323712964789777e+00
-1.136464612642603234e+00
-6.108149030080869402e+00
-2.083168929171919004e+01
-2.232533389006585037e+19
-1.321221333887318439e+00
-1.220033631900876401e+02
-1.215803332426417920e+18
-5.851793892588283904e+18
-8.166587105192692736e+18
-4.706101676593938521e+00
-5.202070203195701562e+13
-7.782376868653483008e+18
-1.186785185207628390e+19
-1.365171104679437517e+19
-2.807425995113737793e+11
-1.129446452503882547e+19
-1.571587773680390758e+19
-2.467155992380857549e+19
-1.366201354145271196e+01
-1.262669253283005766e+01
-1.234307422945806950e+19
-1.287406713780246115e+01
-1.313697777354386022e+19
-3.942935351651508480e+17
-1.242649567274779798e+01
-1.594604251911035941e+00
-4.062342478421069814e+01
-7.426685583854761852e+00
-4.023858726792481875e+14
-8.072083457673004503e+00
-2.303739067973322752e+19
-2.134255187576443973e+02
-1.770592823735465779e+19
-3.465258246783032803e+01
-8.402851198566900736e+18
-6.352532225698877433e+00
-2.624397609456742400e+19
-4.356530116175050880e+17
-9.913892902543812608e+18
-2.808884362394793165e+19
-2.937487629546615686e+00
-2.669748959328332595e+19
-1.952231773163964972e+06
-2.062509605088180979e+04
-2.294923516240338746e+00
-4.777589724526160896e+18
-1.101399144382872350e+02
-3.956764706847854196e+00
-2.003696259492552294e+19
-8.197553133752883525e+01
-1.084091395254570855e+01
-9.481637259501493054e-01
-6.322780075223693785e+01
-1.755993649222787891e+19
-3.509428833557753258e+00
-2.159252691589981232e+00
-6.923509880660917248e+18
-1.640519293950839508e+00
-4.895263489850268672e+18
-7.243911646598853632e+18
-8.487025251031485440e+18
-1.051789943851183718e+19
-9.244062082605494272e+18
-8.503283476016892160e+17
-1.558576127006238821e+01
-2.859573884164334601e+01
-3.603268733463411166e+01
-3.558873174024487525e+04
-1.581916197259887724e+01
-1.982981965871428276e+00
-2.334647665442656517e+09
-2.182328123165368320e+19
-1.399147825700581376e+19
-3.784188213266693879e+01
-2.558399570324964147e+19
-8.232898951928723456e+18
-1.008336039080866797e+01
-9.256192351400128970e+00
-1.853002270143759155e+19
-1.711510627610724811e+01
-1.742175473859296256e+19
-4.673675085796337664e+18
-3.326054301693415649e+00
-1.066125541689842393e+01
-1.904066990902074608e+01
-5.876598876922567680e+18
-2.150024337077592662e+01
-8.260584424051158692e+01
-1.433270131662787250e+01
-3.144491320377466368e+18
-1.298886437100989077e+01
-7.688789028809715576e+11
-6.193450008554141696e+18
-1.428577359718349449e+01
-1.447576243851829043e+19
-3.415477777814925897e+00
-2.236356920959195136e+19
-1.315104914983394509e+19
-8.489854282683578368e+18
-8.788654492411700048e+00
-2.616641446350320257e+04
-2.529025080111206236e+01
-8.531537422206788608e+18
-8.360644175427938560e+17
-3.128720581820781721e+00
-3.702620447051640832e+18
-1.144535783931604911e+01
-1.031488693113102336e+19
-6.964173687309541376e+18
-4.709137945145231430e-01
-4.751986081120920000e+15
-7.494113609074084081e+00
-3.471941331470565888e+18
-7.768167763173333684e-01
-1.498081977295107328e+18
-4.615064010080420864e+18
-6.557208708127387648e+18
-6.991101193916632894e+01
-3.314572321145648459e+01
-7.601748396003046082e+00
-1.402396860579941581e+19
-2.709768819557544346e+19
-1.121988712642916886e+00
-2.893637535422112342e+04
-3.991901373646997708e+00
-1.110241828476473856e+18
-4.154408928927960576e+18
-9.730264010631274240e+17
-2.762027010477222400e+18
-1.756198329040961331e+19
-1.246589068280499800e+16
-6.402473446574757080e+11
-1.004015077513067844e+01
-8.374968694715532288e+18
-3.175609997697601106e+00
-1.321857151347179930e+19
-2.616556994238011580e+00
-3.141599065082340352e+18
-1.355269777713780736e+18
-1.586006367817836134e+19
-2.071938366421615411e+19
-1.210874102864105595e+01
-2.702676416157770547e+19
-6.336939953245953383e+00
-2.548128726235816099e+00
-2.580565894198486630e+19
-1.600595728983068611e+01
-6.416161977787874449e+00
-3.417660125165731328e+18
-4.137645494869269136e+00
-2.360374769457927782e+19
-8.826412772793460736e+18
-5.274016960464816606e+00
-4.429872813303195755e+01
-5.112346783285574681e+00
-1.704295029200804734e+01
-3.160523581051056574e+00
-6.503459647982830592e+18
-5.412070740844466599e+00
-1.375110298808563503e+00
-2.095803293337822822e+19
-1.461236752517545392e+04
-4.129290031990835200e+18
-1.122843403787648768e+18
-4.605701957945963520e+18
-4.599817015219707392e+18
1.858419196947252716e-01
-6.933194093110061296e+00
-1.322476827310874419e+19
-1.103503353809764992e+18
-1.305548830344370790e+19
-8.084530615909070848e+18
-1.622195979816223765e+00
-4.811718920987271986e+01
-2.343226270203790929e+00
-1.617348369431984128e+19
-9.166355407910385722e+00
-1.287858020562803917e+19
-1.625126045747434291e+19
-6.754613972151542500e+14
-1.103704822866271762e+01
-4.370365723506723404e+09
-4.384512124840089200e+03
-3.275799694014194074e+19
-4.488983145613369344e+19
-4.300745462967329280e+18
-1.519949242950688154e+19
-1.740171872790850838e+00
-4.913586124962070400e+17
-1.758559145973673165e+19
-3.031872220949545898e+11
-1.685266483658880654e+00
-9.718601563973134336e+18
-2.936753856488871526e+19
-1.410699087061553971e+19
-1.888936297182925728e+01
-1.039524624148684928e+18
-2.898401083406897669e+03
-3.644003660378335232e+18
-1.802787712026478673e+01
-9.451788608084135936e+18
-4.645610629560783877e+01
-7.937881608574741676e+00
-4.358930785276105216e+18
-9.955648636727463007e+08
-7.587436013737037799e-01
-8.368193226969748480e+18
-1.470145246118363136e+19
-4.748540387029497545e+00
-6.701340282111551971e-01
-4.934278441667113491e+00
-6.435615807931733823e-01
-2.410978977188780181e+00
-5.578505108502748833e+00
-1.009406539474276521e+01
-2.771268016418544845e+19
-4.378950948198432256e+18
-1.314742557563891400e+16
-7.078094291974459392e+18
-3.443565696449907098e+19
-1.022525735355967136e+01
-3.475859688840397312e+18
-2.707419488396741837e+19
-4.540655069266029056e+18
-5.128328656977505280e+18
-2.530996452301861683e+19
-4.659105285693104128e+18
-1.717175355005562368e+18
-2.963262025021686989e+19
-1.322022342977929199e+01
-4.354796525575784472e+03
-2.249932291728999219e+19
-7.131247734163715840e+17
-2.147881343393209619e+01
-2.141582516124753699e+00
-3.465311475949097779e+19
-2.533147658460529783e+01
-3.392131973522615418e+00
-3.554379486897141760e+18
-6.969916041340397328e+00
-2.231664700313627720e+08
-3.163548641706130482e+00
-6.758068628326583296e+18
-1.949590761986544435e+19
-2.243086201485897213e+00
-4.628708636377266039e+00
-2.796919445011508429e+19
-2.526455426586615398e+19
-2.837211467465248305e+01
-1.094779852892434842e+19
-2.143107658965635328e+18
-5.895123470879172087e+08
-2.350603759769749343e+08
-1.254189312399911117e+19
-5.117672286932352321e+00
-1.023814078727274701e+19
-2.351703868051528909e+19
-1.532133137131663616e+18
-2.979529537079399937e+00
-6.159672205118465024e+18
-2.770069238670751334e+19
3.673484723111662409e-01
-1.666011264887774618e+19
-1.330088440092978381e+19
-1.425672046342766563e+01
-5.072399722704728447e+03
-1.419142479971612672e+19
-2.470690108550278907e+01
-2.633254251194982912e+18
-2.081294678193596148e+00
-2.924669127763641958e+19
-6.724823466860154753e+00
-4.785307755177943040e+17
-1.068758705368063795e+19
-8.893068530738650112e+18
2.459227676367659043e-01
-9.127203959458846720e+18
-7.726269228057054406e+00
-7.884675273881295872e+18
-9.398161981325348080e+00
-2.161899070580522064e+01
-4.912061505825159990e+00
-5.210170114749065107e+00
-8.086855253007601664e+18
-1.759771861978205365e+01
-2.642271469794270400e+17
-1.698909314211064832e+19
-1.345281611658291814e+19
-4.967522668536267005e+00
-2.943162010189745459e+01
-4.331884240468395233e+09
-3.345670947701521203e+19
-4.899234390007823360e+18
-2.009985686127829760e+18
-2.726227428993615476e+01
-7.348401894548760538e+01
-1.066414300985690726e+19
-1.656614071113779200e+19
-5.647417462240402752e-01
-7.304304062438060800e+17
-8.127304494228439406e+06
-1.283460295294973952e+19
-1.108667102833351400e+16
-3.576119774943285989e+01
-1.403610845881738240e+19
-1.916046045299042433e+00
-1.589567928064121856e+18
-3.105299126883602022e+19
-2.582245089988883358e+00
-2.132841181141396092e+00
-1.431878337417406399e+01
-5.241193944392382953e+00
-1.364660166084257382e+19
-2.826339729804712420e+01
-2.808469557451760769e+09
-1.060708472974875605e+01
-1.439852544575603766e+01
-1.317186397641493299e+19
-2.921937033639987200e+19
-1.917273578399521587e+19
-1.058111025537435523e+02
-2.336290754966873088e+18
-1.564320256089328845e+19
-6.889845600409725712e+00
-7.610447792776043520e+17
-6.174640015832421341e+03
-7.865425555516977152e+18
-4.568281922946289152e+18
-6.965486489790627840e+18
-1.189677425082108719e+01
-1.063001301526201344e+19
-5.306026045655471535e+00
-1.046693395790663270e+19
-7.417823710549469440e+17
-7.682244491350870016e+18
-2.745884299151387431e+00
-3.174883172716312576e+18
-1.602698364455880409e+01
-6.813852053150114816e+18
-1.208410821795159507e+01
-3.038854676345598804e+01
-1.147656426117647565e+19
-7.293146060114592768e+18
-3.369511164061010560e+17
-1.312744820688500941e+19
-1.915880602014028595e+19
-2.151499001630939955e+19
-2.587772193474892291e+01
-3.168253129491083619e+00
-2.200800272861468262e+19
-8.950894206721903501e+00
-8.968440860591039488e+18
-1.816396298154123674e+19
-2.376147940406131744e+08
-1.276715428474082304e+19
-1.023362962557571482e+19
-1.845550451405026918e+19
-1.381526539346334914e+01
1.700176919730606584e-01
-1.801589886515493220e+02
-2.868789425812633190e+19
-9.986610303477426953e+00
-5.155704952559077903e+00
-4.911478948926150656e+18
-5.942824626436714830e+00
-1.915904511243027661e+19
-9.508004657331128318e-01
-3.020601987347414000e+15
-2.583567969751835853e+19
-6.872628489555713927e+00
-1.177557812462706432e+18
-6.650365269290722026e+00
-2.017166720255546331e+00
-5.561848393070420116e+00
-1.092370689840648806e+19
-1.045681341426798797e+19
-6.069784449620157440e+18
-7.360440030185868288e+18
-2.016351079097049137e+01
-1.399610547114694451e+19
-2.532450369950826730e+00
-2.103712071547182916e+01
-2.472036871813402624e+18
-1.545678569856559514e+19
-7.607996140943204644e+00
-8.670369026221888512e+18
-3.072944940125922099e+19
-1.062054210658444120e+01
-1.980308440893141402e+19
-2.521706039814385664e+19
-7.112581025316607075e+00
-9.273873807067752448e+18
-1.381350069024230187e+01
